12
13
   &  (  )  *  +  -  /  ?  S  [  ]  | Token
0  1  2  3  4  5  8  11  10 -1  6  9  7  -1 null
3 -1 -1 -1 -1 -1 -1 -1 -1 -1 -1 -1 -1  30 PAR_D
1 -1 -1 -1 -1 -1 -1 -1 -1 -1 -1 -1 -1  10 AND
4 -1 -1 -1 -1 -1 -1 -1 -1 -1 -1 -1 -1  40 KLEENE
6 -1 -1 -1 -1 -1 -1 -1 -1 -1 -1 -1 -1  80 CORCHETE_I
11 -1 -1 -1 -1 -1 -1 -1 -1  12 -1 -1 -1  -1 null
9 -1 -1 -1 -1 -1 -1 -1 -1 -1 -1 -1 -1  90 CORCHETE_D
7 -1 -1 -1 -1 -1 -1 -1 -1 -1 -1 -1 -1  110 OR
2 -1 -1 -1 -1 -1 -1 -1 -1 -1 -1 -1 -1  20 PAR_I
8 -1 -1 -1 -1 -1 -1 -1 -1 -1 -1 -1 -1  60 GUION
10 -1 -1 -1 -1 -1 -1 -1 -1 -1 -1 -1 -1  70 CERR_OPC
5 -1 -1 -1 -1 -1 -1 -1 -1 -1 -1 -1 -1  50 CERR_MAS
12 -1 -1 -1 -1 -1 -1 -1 -1 -1 -1 -1 -1  100 SYMBOL
